Monte Carlo method
-----------[ Part 1 ]-----------
m=200, n, V(n), |CF_Cdao-V(n)|
200	50	4.607817866	0.2322182144
200	100	4.538828819	0.1632291668
200	200	4.618360916	0.2427612641
200	400	4.497816995	0.1222173428
200	800	4.265277516	0.1103221364
200	1600	4.374297528	0.001302124301
200	3200	4.320605124	0.05499452812
200	6400	4.380695668	0.005096016082
200	12800	4.331670815	0.04392883739
200	25600	4.40467928	0.02907962807

-----------[ Part 2 ]-----------
m_k, n_k, V(n), |CF_Cdao-V(n_n)|
16	625	4.840642293	0.4650426414
19	1052	4.581006704	0.2054070518
24	1666	4.592011298	0.2164116461
31	2580	4.574712569	0.1991129174
38	4210	4.413208434	0.03760878193
48	6666	4.418248856	0.04264920442
61	10491	4.459171224	0.08357157225
76	16842	4.511895757	0.1362961046
96	26666	4.381180893	0.005581241513
121	42314	4.446358384	0.07075873205
